31
1
8
3
197
185
197
280
372
280
372
185
0
0
0
0
0
0
0
0
0
0
0
0
4
0.08
18
0
0
-6.27744e+66
-6.27744e+66
-6.27744e+66
-6.27744e+66
-6.27744e+66
0.7
0.726667
0.726667
0
0
0
2
8
3
172
299
172
461
398
461
398
299
0
0
0
0
0
0
0
0
0
0
0
0
4
0.06
18
0
0
-6.27744e+66
-6.27744e+66
-6.27744e+66
-6.27744e+66
-6.27744e+66
0.7
0.726667
0.726667
0
0
0
3
2
3
251
279
251
301
322
301
322
279
0
0
0
0
0
0
0
0
0
0
0
0
4
0.133333
0
0
0
-6.27744e+66
-6.27744e+66
-6.27744e+66
-6.27744e+66
-6.27744e+66
0.7
0.726667
0.726667
0
0
0
4
8
3
164
198
164
259
194
259
194
198
0
0
0
0
0
0
0
0
0
0
0
0
4
0.16
10
0
0
-6.27744e+66
-6.27744e+66
-6.27744e+66
-6.27744e+66
-6.27744e+66
0.7
0.726667
0.726667
0
0
0
5
8
3
375
199
375
260
404
260
404
199
0
0
0
0
0
0
0
0
0
0
0
0
4
0.153333
10
0
0
-6.27744e+66
-6.27744e+66
-6.27744e+66
-6.27744e+66
-6.27744e+66
0.7
0.726667
0.726667
0
0
0
6
6
1
242
142
242
186
0
0
0
0
0
0
0
0
0
0
0
0
0
0
0
0
2
6
44
0
0
-6.27744e+66
-6.27744e+66
-6.27744e+66
-6.27744e+66
-6.27744e+66
0
0
0
0
0
0
7
6
1
318
142
318
185
0
0
0
0
0
0
0
0
0
0
0
0
0
0
0
0
2
5
43
0
0
-6.27744e+66
-6.27744e+66
-6.27744e+66
-6.27744e+66
-6.27744e+66
0
0
0
0
0
0
8
3
3
251
231.5
239
222
263
241
0
0
0
0
0
0
0
0
0
0
0
0
0
0
3
0.353333
0
0
0
-6.27744e+66
-6.27744e+66
-6.27744e+66
-6.27744e+66
-6.27744e+66
1
1
1
0
0
0
9
3
1
306
224
306
224
306
224
0
0
0
0
0
0
0
0
0
0
0
0
0
0
3
0.1
0
0
0
-6.27744e+66
-6.27744e+66
-6.27744e+66
-6.27744e+66
-6.27744e+66
1
1
1
0
0
0
10
3
3
318
231
309
219
327
243
0
0
0
0
0
0
0
0
0
0
0
0
0
0
3
0.373333
0
0
0
-6.27744e+66
-6.27744e+66
-6.27744e+66
-6.27744e+66
-6.27744e+66
1
1
1
0
0
0
11
9
1
261
255
311
256
289
276
0
0
0
0
0
0
0
0
0
0
0
0
0
0
3
49
0
0
0
-6.27744e+66
-6.27744e+66
-6.27744e+66
-6.27744e+66
-6.27744e+66
0
0
0
0
0
0
12
2
3
122
314
122
390
160
390
160
314
0
0
0
0
0
0
0
0
0
0
0
0
4
0.2
0
0
0
-6.27744e+66
-6.27744e+66
-6.27744e+66
-6.27744e+66
-6.27744e+66
0.44
0.426667
0.406667
0
0
0
13
2
3
121
396
121
435
160
435
160
396
0
0
0
0
0
0
0
0
0
0
0
0
4
0.26
0
0
0
-6.27744e+66
-6.27744e+66
-6.27744e+66
-6.27744e+66
-6.27744e+66
0.44
0.426667
0.406667
0
0
0
14
2
3
410
311
410
389
447
389
447
311
0
0
0
0
0
0
0
0
0
0
0
0
4
0.173333
0
0
0
-6.27744e+66
-6.27744e+66
-6.27744e+66
-6.27744e+66
-6.27744e+66
0.44
0.426667
0.406667
0
0
0
15
2
3
412
398
412
434
447
434
447
398
0
0
0
0
0
0
0
0
0
0
0
0
4
0.273333
0
0
0
-6.27744e+66
-6.27744e+66
-6.27744e+66
-6.27744e+66
-6.27744e+66
0.44
0.426667
0.406667
0
0
0
16
2
3
157
325
157
347
176
347
176
325
0
0
0
0
0
0
0
0
0
0
0
0
4
0.42
0
0
0
-6.27744e+66
-6.27744e+66
-6.27744e+66
-6.27744e+66
-6.27744e+66
0.726667
0.713333
0.733333
0
0
0
17
1
3
285
326
330
397
243
397
0
0
0
0
0
0
0
0
0
0
0
0
0
0
3
0.28
0
0
0
-6.27744e+66
-6.27744e+66
-6.27744e+66
-6.27744e+66
-6.27744e+66
1
1
0
0
0
0
18
3
3
286.5
372.5
274
361
299
384
0
0
0
0
0
0
0
0
0
0
0
0
0
0
3
0.273333
0
0
0
-6.27744e+66
-6.27744e+66
-6.27744e+66
-6.27744e+66
-6.27744e+66
1
0
0
0
0
0
19
8
3
201
470
201
552
258
552
258
470
0
0
0
0
0
0
0
0
0
0
0
0
4
0.166667
10
0
0
-6.27744e+66
-6.27744e+66
-6.27744e+66
-6.27744e+66
-6.27744e+66
0.446667
0.446667
0.446667
0
0
0
20
8
3
307
471
307
550
364
550
364
471
0
0
0
0
0
0
0
0
0
0
0
0
4
0.16
10
0
0
-6.27744e+66
-6.27744e+66
-6.27744e+66
-6.27744e+66
-6.27744e+66
0.446667
0.446667
0.446667
0
0
0
21
2
3
190
557
190
587
269
587
269
557
0
0
0
0
0
0
0
0
0
0
0
0
4
0.166667
0
0
0
-6.27744e+66
-6.27744e+66
-6.27744e+66
-6.27744e+66
-6.27744e+66
0.446667
0.446667
0.446667
0
0
0
22
2
3
298
556
298
587
376
587
376
556
0
0
0
0
0
0
0
0
0
0
0
0
4
0.173333
0
0
0
-6.27744e+66
-6.27744e+66
-6.27744e+66
-6.27744e+66
-6.27744e+66
0.446667
0.446667
0.446667
0
0
0
23
2
3
130
384
130
398
150
398
150
384
0
0
0
0
0
0
0
0
0
0
0
0
4
0.446667
0
0
0
-6.27744e+66
-6.27744e+66
-6.27744e+66
-6.27744e+66
-6.27744e+66
0.713333
0.733333
0.733333
0
0
0
24
3
3
140
451.5
127
441
153
462
0
0
0
0
0
0
0
0
0
0
0
0
0
0
3
0.253333
0
0
0
-6.27744e+66
-6.27744e+66
-6.27744e+66
-6.27744e+66
-6.27744e+66
0.713333
0.733333
0.733333
0
0
0
25
3
3
428.5
450.5
420
436
437
465
0
0
0
0
0
0
0
0
0
0
0
0
0
0
3
0.22
0
0
0
-6.27744e+66
-6.27744e+66
-6.27744e+66
-6.27744e+66
-6.27744e+66
0.713333
0.733333
0.733333
0
0
0
26
2
3
395
321
395
344
414
344
414
321
0
0
0
0
0
0
0
0
0
0
0
0
4
0.393333
0
0
0
-6.27744e+66
-6.27744e+66
-6.27744e+66
-6.27744e+66
-6.27744e+66
0.713333
0.733333
0.733333
0
0
0
27
2
3
421
385
421
400
437
400
437
385
0
0
0
0
0
0
0
0
0
0
0
0
4
0.486667
0
0
0
-6.27744e+66
-6.27744e+66
-6.27744e+66
-6.27744e+66
-6.27744e+66
0.713333
0.733333
0.733333
0
0
0
28
2
3
214
458
214
474
244
474
244
458
0
0
0
0
0
0
0
0
0
0
0
0
4
0.353333
0
0
0
-6.27744e+66
-6.27744e+66
-6.27744e+66
-6.27744e+66
-6.27744e+66
0.713333
0.733333
0.733333
0
0
0
29
2
3
322
458
322
475
350
475
350
458
0
0
0
0
0
0
0
0
0
0
0
0
4
0.346667
0
0
0
-6.27744e+66
-6.27744e+66
-6.27744e+66
-6.27744e+66
-6.27744e+66
0.713333
0.733333
0.733333
0
0
0
30
2
3
215
548
215
558
244
558
244
548
0
0
0
0
0
0
0
0
0
0
0
0
4
0.393333
0
0
0
-6.27744e+66
-6.27744e+66
-6.27744e+66
-6.27744e+66
-6.27744e+66
0.713333
0.733333
0.733333
0
0
0
31
2
3
325
548
325
558
351
558
351
548
0
0
0
0
0
0
0
0
0
0
0
0
4
0.38
0
0
0
-6.27744e+66
-6.27744e+66
-6.27744e+66
-6.27744e+66
-6.27744e+66
0.713333
0.733333
0.733333
0
0
0
